P1 P2 P3 P4 P5 $x1$ $x2$ 
10 50 25 0 0 2934.0 0.4529999999977008 
10 50 25 1 0 2934.0 0.5159999999996217 
10 50 25 2 0 2934.0 0.4529999999977008 
10 50 25 3 0 2934.0 0.43800000000192085 
10 50 25 4 0 2934.0 0.4690000000009604 
10 50 25 5 0 2579.0 0.4850000000005821 
10 50 25 6 0 2579.0 0.4690000000009604 
10 50 25 7 0 2579.0 0.4690000000009604 
10 50 25 8 0 2579.0 0.46899999999732245 
10 50 25 9 0 2579.0 0.4680000000007567 
10 50 25 10 0 2579.0 0.4690000000009604 
10 50 25 11 0 2579.0 0.4850000000005821 
10 50 25 12 0 2579.0 0.5 
10 50 25 13 0 2579.0 0.5 
10 50 25 14 0 2579.0 0.5 
10 50 25 15 0 2579.0 0.5309999999990396 
10 50 25 16 0 2579.0 0.5780000000013388 
10 50 25 17 0 2579.0 0.5309999999990396 
10 50 25 18 0 2579.0 0.5470000000022992 
10 50 25 19 0 2579.0 0.5470000000022992 
10 50 25 20 0 2579.0 0.5470000000022992 
10 50 25 21 0 2579.0 0.625 
10 50 25 22 0 2579.0 0.5469999999986612 
10 50 25 23 0 2579.0 0.5940000000009604 
10 50 25 24 0 2579.0 0.5940000000009604 
10 50 25 25 0 2579.0 0.6090000000003783 
10 50 25 26 0 2579.0 0.5780000000013388 
10 50 25 27 0 2305.0 0.6559999999990396 
10 50 25 28 0 2305.0 0.5939999999973224 
10 50 25 29 0 2305.0 0.6409999999996217 
10 50 25 30 0 2305.0 0.5929999999971187 
10 50 25 31 0 2305.0 0.6399999999994179 
10 50 25 32 0 2305.0 0.5940000000009604 
10 50 25 33 0 2305.0 0.6559999999990396 
10 50 25 34 0 2305.0 0.6090000000003783 
10 50 25 35 0 2305.0 0.625 
10 50 25 36 0 2305.0 0.6559999999990396 
10 50 25 37 0 2305.0 0.625 
10 50 25 38 0 2305.0 0.6559999999990396 
10 50 25 39 0 2305.0 0.6409999999996217 
10 50 25 40 0 2039.0 0.8130000000019209 
10 50 25 41 0 2039.0 0.7969999999986612 
10 50 25 42 0 2039.0 0.8440000000009604 
10 50 25 43 0 2039.0 0.875 
10 50 25 44 0 2039.0 0.875 
10 50 25 45 0 2039.0 0.9530000000013388 
10 50 25 46 0 2039.0 0.9840000000003783 
10 50 25 47 0 2039.0 0.9529999999977008 
10 50 25 48 0 2039.0 0.9069999999992433 
10 50 25 49 0 2039.0 1.0 
10 50 25 50 0 2039.0 0.9220000000022992 
10 50 25 51 0 2039.0 1.0320000000028813 
10 50 25 52 0 2039.0 0.9530000000013388 
10 50 25 53 0 2039.0 0.9220000000022992 
10 50 25 54 0 2039.0 0.9690000000009604 
10 50 25 55 0 2039.0 0.875 
10 50 25 56 0 2039.0 1.0309999999990396 
10 50 25 57 0 2039.0 1.0320000000028813 
10 50 25 58 0 2039.0 1.0779999999977008 
10 50 25 59 0 1832.0 2.172000000002299 
10 50 25 60 0 1832.0 2.0309999999990396 
10 50 25 61 0 1832.0 2.0 
10 50 25 62 0 1832.0 2.077999999997701 
10 50 25 63 0 1832.0 2.2030000000013388 
10 50 25 64 0 1832.0 2.0319999999992433 
10 50 25 65 0 1832.0 1.7969999999986612 
10 50 25 66 0 1832.0 1.7969999999986612 
10 50 25 67 0 1832.0 2.014999999999418 
10 50 25 68 0 1832.0 1.9690000000009604 
10 50 25 69 0 1832.0 1.9369999999980791 
10 50 25 70 0 1832.0 2.062000000001717 
10 50 25 71 0 1832.0 1.8440000000009604 
10 50 25 72 0 1832.0 1.9059999999990396 
10 50 25 73 0 1832.0 1.9220000000022992 
10 50 25 74 0 1832.0 2.0 
10 50 25 75 0 1832.0 1.985000000000582 
10 50 25 76 0 1832.0 2.125 
10 50 25 77 0 1832.0 1.9379999999982829 
10 50 25 78 0 1832.0 1.764999999999418 
10 50 25 79 0 1832.0 1.9680000000007567 
10 50 25 80 0 1832.0 1.6089999999967404 
10 50 25 81 0 1832.0 1.8590000000003783 
10 50 25 82 0 1832.0 1.8909999999996217 
10 50 25 83 0 1832.0 1.7190000000009604 
10 50 25 84 0 1832.0 2.0 
10 50 25 85 0 1832.0 1.75 
10 50 25 86 0 1832.0 1.8120000000017171 
10 50 25 87 0 1832.0 1.75 
10 50 25 88 0 1832.0 1.6720000000022992 
10 50 25 89 0 1832.0 1.889999999999418 
10 50 25 90 0 1832.0 1.9069999999992433 
10 50 25 91 0 1832.0 1.9069999999992433 
10 50 25 92 0 1832.0 2.0469999999986612 
10 50 25 93 0 1832.0 1.985000000000582 
10 50 25 94 0 1832.0 1.735000000000582 
10 50 25 95 0 1832.0 1.764999999999418 
10 50 25 96 0 1832.0 1.8130000000019209 
10 50 25 97 0 1832.0 1.860000000000582 
10 50 25 98 0 1832.0 2.0 
10 50 25 99 0 1832.0 1.7969999999986612 
10 50 25 100 0 1832.0 1.9380000000019209 
10 50 25 101 0 1832.0 1.625 
10 50 25 102 0 1832.0 2.4680000000007567 
10 50 25 103 0 1832.0 2.1090000000003783 
10 50 25 104 0 1832.0 1.7030000000013388 
10 50 25 105 0 1832.0 1.75 
10 50 25 106 0 1832.0 1.9220000000022992 
10 50 25 107 0 1832.0 1.9840000000003783 
10 50 25 108 0 1832.0 1.7969999999986612 
10 50 25 109 0 1832.0 2.0459999999984575 
10 50 25 110 0 1832.0 1.7809999999990396 
10 50 25 111 0 1832.0 1.875 
10 50 25 112 0 1832.0 1.8440000000009604 
10 50 25 113 0 1832.0 1.8280000000013388 
10 50 25 114 0 1832.0 2.1569999999992433 
10 50 25 115 0 1832.0 1.9219999999986612 
10 50 25 116 0 1832.0 2.062999999998283 
10 50 25 117 0 1832.0 1.8440000000009604 
10 50 25 118 0 1832.0 1.610000000000582 
10 50 25 119 0 1832.0 1.9690000000009604 
10 50 25 120 0 1832.0 1.8909999999996217 
10 50 25 121 0 1832.0 2.0159999999996217 
10 50 25 122 0 1832.0 1.8590000000003783 
10 50 25 123 0 1832.0 1.8909999999996217 
10 50 25 124 0 1832.0 1.8120000000017171 
10 50 25 125 0 1832.0 2.2190000000009604 
10 50 25 126 0 1832.0 2.110000000000582 
10 50 25 127 0 1832.0 2.1410000000032596 
10 50 25 128 0 1832.0 1.7970000000022992 
10 50 25 129 0 1832.0 1.875 
10 50 25 130 0 1832.0 1.8590000000003783 
10 50 25 131 0 1832.0 1.9680000000007567 
10 50 25 132 0 1832.0 1.9070000000028813 
10 50 25 133 0 1832.0 1.639999999999418 
10 50 25 134 0 1832.0 2.1570000000028813 
10 50 25 135 0 1832.0 2.0 
10 50 25 136 0 1832.0 2.014999999999418 
10 50 25 137 0 1832.0 1.7040000000015425 
10 50 25 138 0 1832.0 2.202999999997701 
10 50 25 139 0 1832.0 1.9530000000013388 
10 50 25 140 0 1832.0 1.6869999999980791 
10 50 25 141 0 1832.0 2.125 
10 50 25 142 0 1832.0 1.9690000000009604 
10 50 25 143 0 1832.0 1.7189999999973224 
10 50 25 144 0 1832.0 1.9690000000009604 
10 50 25 145 0 1832.0 2.063000000001921 
10 50 25 146 0 1832.0 1.9220000000022992 
10 50 25 147 0 1832.0 1.9540000000015425 
10 50 25 148 0 1832.0 2.327999999997701 
10 50 25 149 0 1832.0 1.9690000000009604 
10 50 25 150 0 1832.0 1.7659999999996217 
10 50 25 151 0 1832.0 2.0320000000028813 
10 50 25 152 0 1832.0 1.7340000000003783 
10 50 25 153 0 1832.0 1.8280000000013388 
10 50 25 154 0 1832.0 1.8590000000003783 
10 50 25 155 0 1832.0 1.7809999999990396 
10 50 25 156 0 1832.0 1.6870000000017171 
10 50 25 157 0 1832.0 1.9690000000009604 
10 50 25 158 0 1832.0 2.1559999999990396 
10 50 25 159 0 1832.0 2.0159999999996217 
10 50 25 160 0 1832.0 1.8590000000003783 
10 50 25 161 0 1832.0 1.7969999999986612 
10 50 25 162 0 1832.0 1.860000000000582 
10 50 25 163 0 1832.0 1.6880000000019209 
10 50 25 164 0 1832.0 1.7969999999986612 
10 50 25 165 0 1832.0 1.75 
10 50 25 166 0 1832.0 1.9369999999980791 
10 50 25 167 0 1832.0 1.6559999999990396 
10 50 25 168 0 1832.0 2.360000000000582 
10 50 25 169 0 1832.0 1.875 
10 50 25 170 0 1832.0 2.1559999999990396 
10 50 25 171 0 1832.0 1.8430000000007567 
10 50 25 172 0 1832.0 1.7190000000009604 
10 50 25 173 0 1832.0 1.8440000000009604 
10 50 25 174 0 1832.0 1.6559999999990396 
10 50 25 175 0 1832.0 1.8439999999973224 
10 50 25 176 0 1832.0 1.7970000000022992 
10 50 25 177 0 1832.0 1.9370000000017171 
10 50 25 178 0 1832.0 1.7339999999967404 
10 50 25 179 0 1832.0 1.6559999999990396 
10 50 25 180 0 1832.0 1.9530000000013388 
10 50 25 181 0 1832.0 1.8440000000009604 
10 50 25 182 0 1832.0 1.7970000000022992 
10 50 25 183 0 1832.0 1.8129999999982829 
10 50 25 184 0 1832.0 1.6719999999986612 
10 50 25 185 0 1832.0 2.0159999999996217 
10 50 25 186 0 1832.0 1.764999999999418 
10 50 25 187 0 1832.0 1.6880000000019209 
10 50 25 188 0 1832.0 1.5939999999973224 
10 50 25 189 0 1832.0 1.875 
10 50 25 190 0 1832.0 1.875 
10 50 25 191 0 1832.0 2.0309999999990396 
10 50 25 192 0 1832.0 2.1409999999996217 
10 50 25 193 0 1832.0 2.0 
10 50 25 194 0 1832.0 1.9070000000028813 
10 50 25 195 0 1832.0 1.8589999999967404 
10 50 25 196 0 1832.0 1.8130000000019209 
10 50 25 197 0 1832.0 1.7660000000032596 
10 50 25 198 0 1832.0 1.9690000000009604 
10 50 25 199 0 1832.0 1.75 
10 50 25 200 0 1832.0 2.0309999999990396 
10 50 25 201 0 1832.0 1.9840000000003783 
10 50 25 202 0 1832.0 1.8279999999977008 
10 50 25 203 0 1832.0 1.8909999999996217 
10 50 25 204 0 1832.0 1.6879999999982829 
10 50 25 205 0 1832.0 1.8440000000009604 
10 50 25 206 0 1832.0 1.7809999999990396 
10 50 25 207 0 1832.0 1.6709999999984575 
10 50 25 208 0 1832.0 2.139999999999418 
10 50 25 209 0 1832.0 2.047000000002299 
10 50 25 210 0 1832.0 1.8440000000009604 
10 50 25 211 0 1832.0 2.0159999999996217 
10 50 25 212 0 1832.0 1.875 
10 50 25 213 0 1832.0 1.5 
10 50 25 214 0 1832.0 1.75 
10 50 25 215 0 1832.0 2.077999999997701 
10 50 25 216 0 1832.0 1.610000000000582 
