P1 P2 P3 P4 P5 $x1$ $x2$ 
10 50 25 0 0 3084.0 0.4529999999940628 
10 50 25 1 0 3084.0 0.5149999999994179 
10 50 25 2 0 3084.0 0.5 
10 50 25 3 0 3084.0 0.5149999999994179 
10 50 25 4 0 3084.0 0.5 
10 50 25 5 0 2801.0 0.5 
10 50 25 6 0 2801.0 0.5310000000026776 
10 50 25 7 0 2801.0 0.5780000000086147 
10 50 25 8 0 2801.0 0.5629999999946449 
10 50 25 9 0 2801.0 0.5319999999919673 
10 50 25 10 0 2801.0 0.5160000000032596 
10 50 25 11 0 2801.0 0.5620000000053551 
10 50 25 12 0 2801.0 0.5620000000053551 
10 50 25 13 0 2801.0 0.5149999999994179 
10 50 25 14 0 2801.0 0.6399999999994179 
10 50 25 15 0 2801.0 0.5629999999946449 
10 50 25 16 0 2767.0 0.5309999999881256 
10 50 25 17 0 2767.0 0.6089999999967404 
10 50 25 18 0 2767.0 0.5629999999946449 
10 50 25 19 0 2767.0 0.6869999999908032 
10 50 25 20 0 2767.0 0.5779999999940628 
10 50 25 21 0 2767.0 0.5620000000053551 
10 50 25 22 0 2767.0 0.7350000000005821 
10 50 25 23 0 2767.0 0.6410000000032596 
10 50 25 24 0 2521.0 0.7660000000032596 
10 50 25 25 0 2521.0 0.7030000000086147 
10 50 25 26 0 2521.0 0.7030000000086147 
10 50 25 27 0 2521.0 0.7029999999940628 
10 50 25 28 0 2521.0 0.7029999999940628 
10 50 25 29 0 2521.0 0.7189999999973224 
10 50 25 30 0 2521.0 0.6870000000053551 
10 50 25 31 0 2521.0 0.7189999999973224 
10 50 25 32 0 2521.0 0.6870000000053551 
10 50 25 33 0 2521.0 0.7350000000005821 
10 50 25 34 0 2521.0 0.7340000000112923 
10 50 25 35 0 2521.0 0.7649999999994179 
10 50 25 36 0 2521.0 0.7649999999994179 
10 50 25 37 0 2521.0 0.75 
10 50 25 38 0 2521.0 0.75 
10 50 25 39 0 2521.0 0.9689999999973224 
10 50 25 40 0 2521.0 0.875 
10 50 25 41 0 2521.0 1.0470000000059372 
10 50 25 42 0 2521.0 0.8430000000080327 
10 50 25 43 0 2521.0 0.9059999999881256 
10 50 25 44 0 2521.0 0.8289999999979045 
10 50 25 45 0 2521.0 0.8439999999973224 
10 50 25 46 0 2521.0 0.8910000000032596 
10 50 25 47 0 2521.0 0.8899999999994179 
10 50 25 48 0 2521.0 0.9060000000026776 
10 50 25 49 0 2521.0 0.9539999999979045 
10 50 25 50 0 2521.0 0.875 
10 50 25 51 0 2521.0 0.9060000000026776 
10 50 25 52 0 2521.0 0.9070000000065193 
10 50 25 53 0 2521.0 0.9220000000059372 
10 50 25 54 0 2521.0 0.9689999999973224 
10 50 25 55 0 2521.0 1.0 
10 50 25 56 0 2521.0 0.8280000000086147 
10 50 25 57 0 2521.0 0.8910000000032596 
10 50 25 58 0 2521.0 0.75 
10 50 25 59 0 2521.0 0.7350000000005821 
10 50 25 60 0 2235.0 1.25 
10 50 25 61 0 2235.0 1.0939999999973224 
10 50 25 62 0 2235.0 1.1719999999913853 
10 50 25 63 0 2235.0 1.187999999994645 
10 50 25 64 0 2235.0 1.1410000000032596 
10 50 25 65 0 2235.0 1.4380000000091968 
10 50 25 66 0 2235.0 1.3439999999973224 
10 50 25 67 0 2235.0 1.25 
10 50 25 68 0 2235.0 1.2029999999940628 
10 50 25 69 0 2235.0 1.360000000000582 
10 50 25 70 0 2235.0 1.4219999999913853 
10 50 25 71 0 2235.0 1.4539999999979045 
10 50 25 72 0 2235.0 1.25 
10 50 25 73 0 2235.0 1.3279999999940628 
10 50 25 74 0 2235.0 1.4689999999973224 
10 50 25 75 0 2235.0 1.5310000000026776 
10 50 25 76 0 2235.0 1.5929999999934807 
10 50 25 77 0 2235.0 1.312000000005355 
10 50 25 78 0 2235.0 1.4839999999967404 
10 50 25 79 0 2235.0 1.437000000005355 
10 50 25 80 0 2235.0 2.1560000000026776 
10 50 25 81 0 2235.0 1.4060000000026776 
10 50 25 82 0 2235.0 1.2960000000020955 
10 50 25 83 0 2235.0 1.4689999999973224 
10 50 25 84 0 2235.0 1.375 
10 50 25 85 0 2235.0 1.5469999999913853 
10 50 25 86 0 2235.0 1.4539999999979045 
10 50 25 87 0 2235.0 1.3440000000118744 
10 50 25 88 0 2235.0 1.4689999999973224 
10 50 25 89 0 2235.0 1.5 
10 50 25 90 0 2235.0 1.2660000000032596 
10 50 25 91 0 2235.0 1.2340000000112923 
10 50 25 92 0 2235.0 1.2189999999973224 
10 50 25 93 0 2235.0 1.6720000000059372 
10 50 25 94 0 2235.0 1.3439999999973224 
10 50 25 95 0 2235.0 1.5160000000032596 
10 50 25 96 0 2235.0 1.2969999999913853 
10 50 25 97 0 2235.0 1.2339999999967404 
10 50 25 98 0 2235.0 1.2189999999973224 
10 50 25 99 0 2235.0 1.3910000000032596 
10 50 25 100 0 2235.0 1.312000000005355 
10 50 25 101 0 2235.0 1.514999999999418 
10 50 25 102 0 2235.0 1.187000000005355 
10 50 25 103 0 2235.0 1.5 
10 50 25 104 0 2235.0 1.3119999999908032 
10 50 25 105 0 2235.0 1.4220000000059372 
10 50 25 106 0 2235.0 1.625 
10 50 25 107 0 2235.0 1.6089999999967404 
10 50 25 108 0 2235.0 1.5160000000032596 
10 50 25 109 0 2235.0 1.7030000000086147 
10 50 25 110 0 2235.0 2.125 
10 50 25 111 0 2235.0 1.2970000000059372 
10 50 25 112 0 2235.0 1.9839999999967404 
10 50 25 113 0 2235.0 1.9539999999979045 
10 50 25 114 0 2235.0 1.625 
10 50 25 115 0 2235.0 1.3909999999887077 
10 50 25 116 0 2235.0 1.735000000000582 
10 50 25 117 0 2235.0 1.4060000000026776 
10 50 25 118 0 2235.0 1.3279999999940628 
10 50 25 119 0 2235.0 1.2029999999940628 
10 50 25 120 0 2235.0 1.5 
10 50 25 121 0 2235.0 2.485000000000582 
10 50 25 122 0 2235.0 2.577999999994063 
10 50 25 123 0 2235.0 2.0939999999973224 
10 50 25 124 0 2235.0 2.2189999999973224 
10 50 25 125 0 2235.0 2.047000000005937 
10 50 25 126 0 2235.0 1.2179999999934807 
10 50 25 127 0 2235.0 1.187999999994645 
10 50 25 128 0 2235.0 1.6710000000020955 
10 50 25 129 0 2235.0 1.4839999999967404 
10 50 25 130 0 2235.0 1.4529999999940628 
10 50 25 131 0 2235.0 1.625 
10 50 25 132 0 2235.0 1.8910000000032596 
10 50 25 133 0 2235.0 1.3130000000091968 
10 50 25 134 0 2235.0 1.735000000000582 
10 50 25 135 0 2235.0 1.2969999999913853 
10 50 25 136 0 2235.0 1.5320000000065193 
10 50 25 137 0 2235.0 1.312000000005355 
10 50 25 138 0 2235.0 1.25 
10 50 25 139 0 2235.0 1.1720000000059372 
10 50 25 140 0 2235.0 1.2189999999973224 
10 50 25 141 0 2235.0 1.4369999999908032 
10 50 25 142 0 2235.0 1.1869999999908032 
10 50 25 143 0 2235.0 1.110000000000582 
10 50 25 144 0 2235.0 1.264999999999418 
10 50 25 145 0 2235.0 1.5160000000032596 
10 50 25 146 0 2235.0 1.9220000000059372 
10 50 25 147 0 2235.0 1.2820000000065193 
10 50 25 148 0 2235.0 1.2189999999973224 
10 50 25 149 0 1896.0 6.375 
10 50 25 150 0 1896.0 6.735000000000582 
10 50 25 151 0 1896.0 6.953000000008615 
10 50 25 152 0 1896.0 7.51600000000326 
10 50 25 153 0 1896.0 6.4060000000026776 
10 50 25 154 0 1896.0 6.25 
10 50 25 155 0 1896.0 8.297000000005937 
10 50 25 156 0 1896.0 8.296000000002095 
10 50 25 157 0 1895.9999999999964 16.077999999994063 
10 50 25 158 0 1896.0 6.672000000005937 
10 50 25 159 0 1896.0 6.4689999999973224 
10 50 25 160 0 1896.0 6.312000000005355 
10 50 25 161 0 1896.0 6.342999999993481 
10 50 25 162 0 1896.0 7.6560000000026776 
10 50 25 163 0 1896.0 21.155999999988126 
10 50 25 164 0 1896.0 7.7810000000026776 
10 50 25 165 0 1896.0 6.187000000005355 
10 50 25 166 0 1896.0 9.48399999999674 
10 50 25 167 0 1896.0 7.2810000000026776 
10 50 25 168 0 1896.0 10.21799999999348 
